6
0  123  32  221  125  321 
123  0  123  221  122  322 
32  123  0  15  443  111   
221  221  15  0  543  121  
125  122  443  543  0  543  
321  322  111  121  543  0 